name: stylegan3
channels:
  - pytorch
  - conda-forge
  - defaults
dependencies:
  - blas=2.116
  - blas-devel=3.9.0
  - brotlipy=0.7.0
  - bzip2=1.0.8
  - ca-certificates=2022.9.24
  - certifi=2022.9.24
  - cffi=1.15.1
  - charset-normalizer=2.0.12
  - click=8.1.3
  - colorama=0.4.5
  - cryptography=37.0.4
  - cudatoolkit=11.1.1
  - cycler=0.11.0
  - freetype=2.12.1
  - gettext=0.19.8.1
  - glib=2.74.0
  - glib-tools=2.74.0
  - gst-plugins-base=1.20.3
  - gstreamer=1.20.3
  - icu=70.1
  - idna=3.4
  - imageio=2.9.0
  - intel-openmp=2022.1.0
  - jpeg=9e
  - kiwisolver=1.4.4
  - krb5=1.19.3
  - lcms2=2.12
  - lerc=3.0
  - libblas=3.9.0
  - libcblas=3.9.0
  - libclang=14.0.6
  - libclang13=14.0.6
  - libdeflate=1.10
  - libffi=3.4.2
  - libglib=2.74.0
  - libiconv=1.17
  - liblapack=3.9.0
  - liblapacke=3.9.0
  - libogg=1.3.4
  - libpng=1.6.38
  - libsqlite=3.39.4
  - libtiff=4.3.0
  - libuv=1.44.2
  - libvorbis=1.3.7
  - libzlib=1.2.12
  - m2w64-gcc-libgfortran=5.3.0
  - m2w64-gcc-libs=5.3.0
  - m2w64-gcc-libs-core=5.3.0
  - m2w64-gmp=6.1.0
  - m2w64-libwinpthread-git=5.0.0.4634.697f757
  - matplotlib=3.4.2
  - matplotlib-base=3.4.2
  - mkl=2022.1.0
  - mkl-devel=2022.1.0
  - mkl-include=2022.1.0
  - msys2-conda-epoch=20160418
  - numpy=1.23.3
  - olefile=0.46
  - openjpeg=2.5.0
  - openssl=1.1.1q
  - packaging=21.3
  - pcre2=10.37
  - pillow=8.3.1
  - pip=22.2.2
  - ply=3.11
  - pycparser=2.21
  - pyopenssl=22.0.0
  - pyparsing=3.0.9
  - pyqt=5.15.7
  - pyqt5-sip=12.11.0
  - pysocks=1.7.1
  - python=3.9.13
  - python-dateutil=2.8.2
  - python_abi=3.9
  - pytorch=1.9.1
  - qt-main=5.15.6
  - requests=2.26.0
  - scipy=1.7.1
  - setuptools=65.4.1
  - sip=6.6.2
  - six=1.16.0
  - sqlite=3.39.4
  - tbb=2021.6.0
  - tk=8.6.12
  - toml=0.10.2
  - tornado=6.2
  - tqdm=4.62.2
  - typing_extensions=4.3.0
  - tzdata=2022d
  - ucrt=10.0.20348.0
  - urllib3=1.26.11
  - vc=14.2
  - vs2015_runtime=14.29.30139
  - wheel=0.37.1
  - win_inet_pton=1.1.0
  - xz=5.2.6
  - zlib=1.2.12
  - zstd=1.5.2
  - pip:
    - glfw==2.2.0
    - imageio-ffmpeg==0.4.3
    - imgui==1.3.0
    - ninja==1.11.1
    - pandas==1.5.2
    - pyopengl==3.1.5
    - pyspng==0.1.0
    - python-osc==1.8.0
    - pytz==2022.7
